死亡骑士
51310-51314 51305-51309
德鲁伊
51290-51294 51295-51299 51300-51304
猎人
51285-51289
法师
51280-51284
圣骑士
51270-51274 51265-51269 51275-51279
牧师
51260-51264 51255-51259 
盗贼
51250-51254
萨满
51235-51239 51240-51244 51245-51249
术士
51230-51234
战士
51225-51229 51220-51224

战士, 51220, 51221, 51222, 51223, 51224, 51225, 51226, 51227, 51228, 51229, , , , , 
术士, 51230, 51231, 51232, 51233, 51234, , , , , , , , , , 
萨满, 51235, 51236, 51237, 51238, 51239, 51240, 51241, 51242, 51243, 51244, 51245, 51246, 51247, 51248, 51249
盗贼, 51250, 51251, 51252, 51253, 51254, , , , , , , , , , 
牧师, 51255, 51256, 51257, 51258, 51259, 51260, 51261, 51262, 51263, 51264, , , , , 
圣骑士, 51265, 51266, 51267, 51268, 51269, 51270, 51271, 51272, 51273, 51274, 51275, 51276, 51277, 51278, 51279
法师, 51280, 51281, 51282, 51283, 51284, , , , , , , , , , 
猎人, 51285, 51286, 51287, 51288, 51289, , , , , , , , , , 
德鲁伊, 51290, 51291, 51292, 51293, 51294, 51295, 51296, 51297, 51298, 51299, 51300, 51301, 51302, 51303, 51304
死亡骑士, 51305, 51306, 51307, 51308, 51309, 51310, 51311, 51312, 51313, 51314, , , , , 
